0.8367842427657588	0.30166489048074013
0.830866427793437	0.32002681578606773
0.50193459763965	0.10028985232348765
0.2862809526473701	0.38232401636674457
0.6845663889795203	0.052874133962544964
0.44807723042969066	0.5564631209208984
0.31759625486046045	0.25959005677999675
0.2638435725043816	0.2686986766001441
0.13774310676315107	0.2307655782722399
0.791109239527575	0.3391324512608107
0.5129908778932978	0.40182295758055675
0.5770943589699473	0.283624452883917
0.5395456559264935	0.5854347425801414
0.6626505792184177	0.6215841006104468
0.8974034997953169	0.3258990193410381
0.14901167243841443	0.24402645991404764
0.4305252887956205	0.45180268617991287
0.4773083398001939	0.44384074941691243
0.26054719259710496	0.38654466505581503
0.32552805859434586	0.26541317380690704
0.7053963570167165	0.48652938313495003
0.3940289621392535	0.30632886015754635
0.7455494791057158	0.5054667407258319
0.752029193843145	0.31085553268277843
0.557288414421825	0.33346732737577306
0.47439774079364705	0.2109199453993545
0.7488082662611757	0.4208333409932059
0.6597878467425909	0.5055646741039933
0.5684851022606339	0.49113084627704057
0.17774804680849227	0.2091347368335987
0.29642985905742286	0.4897234184547432
0.4510666409783145	0.4749510065841362
0.8962432847938687	0.16464275697899583
0.13920882268611903	0.2722644280562972
0.5356923290101143	0.4977072287264181
0.09142641147331038	0.15330668845429277
0.13659081378431137	0.22000823060476707
0.5036719544641334	0.5854644401238669
0.6231330075829589	0.6146466402113572
0.7684549513187787	0.31890388057061947
0.5218549134737017	0.37457103634788935
0.11383402764499866	0.41271665834150784
0.20081353789558337	0.4833757843246308
0.366845663723003	0.061527904222818626
0.6032885169747633	0.48509097593638656
0.5064907710050295	0.3844225925605013
0.7481105150104688	0.38913216491347613
0.7009382884001245	0.024923665075696856
0.8030644519142958	0.3259249471980638
0.1895044409834162	0.38109305026354634
0.6539394056798502	0.06020123051823449
0.7094216386673466	0.39264832920518783
0.170861926039368	0.4073799428706352
0.9022109322472256	0.11210084968140784
0.7370768789428263	0.39835155265113925
0.3727347822517919	0.6613955363027715
0.26116808944084674	0.6481446928847758
0.5269226551139554	0.26666224611106626
0.31986091915329296	0.10118032049971011
0.6611909716631643	0.17850520959777466
0.6105058762183929	0.36599508922466595
0.419257256343448	0.264469429092393
0.3644964573204313	0.459667611246227
0.6964922809209405	0.38256356751715914
0.08004346827491313	0.15414215453226102
0.20495323247157293	0.15136309983704851
0.697093885995659	0.19592685286581285
0.2642071470944003	0.28688583807856466
0.3744400526774662	0.259969104360091
0.7243873974714231	0.24810752071433606
0.4950738237503725	0.28870294281340797
0.011315567686520983	0.27079084096195716
0.38651633405417923	0.3254525136972647
0.9080915066976741	0.29989580302505636
0.5614288220438984	0.31789313253720763
0.3115839039444496	0.11311283943098277
0.7381719423046793	0.09220160361829575
0.6660598708416066	0.09222385641736923
0.17868528145457394	0.5223620266031576
0.7345780370473085	0.3764774769443328
0.20273491927342827	0.2280978502209038
0.8134068978929027	0.34650152648247484
0.42689528966901047	0.2232650429250199
0.6830704535932384	0.4699700508899917
0.3884755908953626	0.2556677591236676
0.7140183585427814	0.17997037380085168
0.5743349924136862	0.38449808443892447
0.17823736666691312	0.32718415753354174
0.6743555427805599	0.16116497148779232
0.499091142335507	0.14613587939697117
0.20964638861753912	0.1414592649044603
0.9117580576957678	0.12774227032568122
0.23089762707233363	0.5826587966082097
0.47541951510350555	0.248530421772688
0.17862369317286075	0.49405755249703204
0.27404729351978574	0.31896479978143416
0.4352018287323002	0.17995983053582676
0.560065723921601	0.48773064609466
0.6108504318954191	0.46382845943221224
0.6932753934450989	0.27738573291983437
0.2600398927332973	0.2597993251789586
0.2125400751999506	0.7220133290398147
0.6941795483459593	0.021279189452231673
0.34879912100267413	0.41764350068199446
0.3037795531944775	0.619972821077658
0.7770384517464566	0.4067240501577347
0.26646280705535114	0.23524471266712604
0.451617660431197	0.47497949317810134
0.33483482127033837	0.07443235715836302
0.6173155329500047	0.510926319390559
0.8931419551714125	0.2475016818439002
0.976588279734334	0.26309977560304787
0.31422412440113	0.4673046660638497
0.2903515471475366	0.20015746273126592
0.45390431622122385	0.19253767484460568
0.7895929351909533	0.38289542721970476
0.730036463156787	0.15904621244451375
0.6590734007155702	0.26098621412143963
0.07498556081124359	0.2148097039075423
0.3509821035776633	0.30608004029042407
0.31463774934312433	0.5552974769776259
0.12739814559177598	0.4462252214719997
0.3872010196369363	0.5249285088241068
0.20304466398794765	0.5389874638964318
0.6639207654449966	0.6375039338407449
0.5893965840799649	0.42667033082307027
0.7073738620751876	0.0095449239310692
0.1602006664685425	0.537389268721
0.4736367925501038	0.4827822161817491
0.5137069209361412	0.580382285812351
0.4156000268941265	0.3169177449591919
0.7958460416396672	0.3086843417146609
0.8050644901821118	0.23377913371292638
0.3814196866004935	0.2625984643706991
0.45416643593672734	0.9956835506266398
0.45738303743009523	0.18334637104271118
0.7517385629308256	0.2955636015322362
0.73749101398058	0.3944537051838357
0.27580747520950744	0.3884498140863202
0.5219675866012785	0.4434553896361602
0.6547207162884484	0.5061116516957637
0.7301061384100348	0.08141050750326903
0.3056479487909221	0.30315909197817414
0.9294700418205352	0.23934589181067645
0.46121789353130765	0.21822678998533585
0.4647313458098468	0.38992858901003624
0.6948919054547461	0.49167117735838456
0.43458844061315755	0.38472393485494727
0.6649808188637173	0.470937217360338
0.35227084719149937	0.6204239165013248
0.8782769854693888	0.41089874553831723
0.7710553022303227	0.1787538040807615
0.6635742166035016	0.20718987173400014
0.42348394417164514	0.3125104304140332
0.9109016968925089	0.14583716092753557
0.4551729043379039	0.44432073560736574
0.38775532485097125	0.436335440061509
0.3570684419669825	0.24993256579078119
0.1258622918364266	0.17036106967363698
0.22217347369388749	0.4796758558614987
0.3881343165419307	0.12788333931782297
0.5786761450636139	0.15842592260605617
0.46315573307464236	0.4768459242905003
0.5255498170122395	0.5471468753528669
0.5205226196832576	0.5979278141201088
0.7676905907339255	0.3203773824399
0.3410054795620405	0.24370655542712016
0.49442500417456525	0.27258728352257816
0.24283086554949274	0.43718111331052306
0.24897406491998164	0.41328043079921195
0.8517916493845664	0.28752625455528175
0.25422054798374527	0.4606928986207837
0.27278661522309827	0.16090522323988843
0.4271664652596185	0.7274987108332973
0.5133202850124657	0.6004417686562721
0.5387605641921155	0.28616113219115985
0.12253085408609526	0.4324123025241849
0.45669201005716814	0.995784212068278
0.6250768167999816	0.34516591183802925
0.49427902372638316	0.20545054346513766
0.7131326732888797	0.45854987025429567
0.6703655607945039	0.2761124520451159
0.5196472279449432	0.22495261492648438
0.7011646852077926	0.5209110520442257
0.5674387691795476	0.49223740158135476
0.6730961891874461	0.29079177367868
0.6700683544943378	0.05421722737133906
0.3280521512472224	0.06889741100849475
0.486692334833828	0.30944468961099086
0.814472332396724	0.37901343210870847
0.7031927251891922	0.43092873199419585
0.21690705583156053	0.4740406573234067
0.6823246229140687	0.03269427730578024
0.389582936036421	0.1883257256595303
0.7951371485307982	0.2933976058328448
0.6558191034077686	0.43540746642216654
0.5059233167142227	0.3355675068245724
0.4200379613861656	0.454218806147829
0.4892435138103245	0.1945812451761739
0.1810005935803064	0.31862950787482974
0.9665428042693239	0.2717992397412065
0.3481208786669945	0.4220160301143705
0.586306409703661	0.14994312891748207
0.46080864395650317	0.6491951715193758
0.16236044615224812	0.3667373792384964
0.3995192292314567	0.25146065709758625
0.7297470747258464	0.16377330574485627
0.21059434960830595	0.7205403346029243
0.6117037722345323	0.3312623004679704
0.10597650988490602	0.36271612436758505
0.6382740084596823	0.4960205015071486
0.9019345808734412	0.2006716683244493
0.44044687221500295	0.23611024859979785
0.8380501280982097	0.1687399790870868
0.5860209843480154	0.1780026434008511
0.5342791317812599	0.2507172162987616
0.35098850909402896	0.49634783167847757
0.6867479040155896	0.031723608901286615
0.4630310774071106	0.29743105094736655
0.4597588298613407	0.4171885081907767
0.276845947022	0.18711903455404938
0.8092379348471908	0.3000640906264258
0.6306329928341082	0.3588697810135934
0.3540422450548585	0.23734220233026007
0.15628690561285924	0.2022814545652477
0.3836747430834549	0.45387435003485305
0.6212100275776526	0.41228469616278113
0.5869954739035506	0.34250015280444607
0.1693297367177424	0.311349277168818
0.5899328802957902	0.23322440968449273
0.42017251306393416	0.7287831914789734
0.11520382990938846	0.17787534920911816
0.547253922649331	0.377994132368205
0.47306935344977885	0.5239212257573854
0.6012590566731478	0.30247080452682734
0.5089235077288413	0.5796821538953666
0.605680948159525	0.14249526901622822
0.5197079329395632	0.15861876447915835
0.20857664423646302	0.7203578173745561
0.8841816211520218	0.10421860625676327
0.5008032170713466	0.10835151542164631
0.742044390318743	0.22696057919564475
0.5086067090391825	0.13956587175968085
0.5911746298055464	0.44218437412518785
0.5358986207332554	0.31521677657203023
0.6562079020303608	0.2787420364681028
0.3852929266427692	0.6457304536304623
0.44794448810985243	0.5654845007357863
0.24211509775886647	0.24661216671748865
0.8709494042825597	0.3262910340691876
0.913227317137804	0.10898322169693737
0.6742191276200761	0.39932006745986187
0.44116529908980046	0.5075835833894289
0.43928634614034223	0.21720471587206192
0.8829994134079814	0.23472913875982998
0.4297272694364756	0.0997177092159283
0.568130182828345	0.1568195834371619
0.5185267851974882	0.3445561204320651
0.28066185663511406	0.25828201859450733
0.37257890625439977	0.5703582676549389
0.4518358058519977	0.26588347249673594
0.6371335127383593	0.617114959434835
0.7034835932630562	0.04440939987257538
0.19968111318531961	0.3355464286457177
0.6917902645048887	0.3202611899435887
0.3593654462014041	0.48306432654140263
0.6376155755598266	0.3039197368886654
0.8763365601263357	0.22568378768412617
0.818974069670668	0.2899578083481947
0.7172980427648508	0.44164259349287166
0.5883227980799675	0.2543401364532163
0.8220131049876916	0.3907020794318482
0.4110162209502557	0.3367490739104294
0.21813279800021917	0.6407862661647369
0.531394787012924	0.38985878458021817
0.3529682208071729	0.49253725515945596
0.42168268112162116	0.22222541552122696
0.09472116657633382	0.4527539310334385
0.0034659087376732677	0.29418943353622373
0.5281823751679013	0.3093203842940248
0.37119386955614564	0.2332938810886623
0.3983350320461737	0.5625469992217388
0.5629901592951291	0.47213141836669786
0.49080447933578714	0.5494328103611689
0.9607836303657685	0.31726284433950075
0.6325682033943852	0.33357649035419706
0.46656326604801623	0.24704823262581596
0.9083357011333535	0.12772023418547104
0.748981320874622	0.28097677480464245
0.33362521256664385	0.07555415408758638
0.41224868413931165	0.4020386377415163
0.9430050452895022	0.25842806021122033
0.4440522508144943	0.1965818101284324
0.008280997703351455	0.3062087322964521
0.743090692099858	0.28663589117816396
0.7260191592716606	0.37865907736784565
0.4512435636312572	0.9909766627147937
0.7594655993623545	0.33796394054348833
0.4515983058151666	0.8517377929023479
0.7795612389625586	0.3187088867217646
0.537032836152949	0.32230212257728963
0.7675777033001925	0.43579433266591716
0.1461629081857071	0.3231433874480847
0.8012648366432771	0.40951485165836654
0.762237657555476	0.43732697078607136
0.3016026515115495	0.1759307061771219
0.766960018223479	0.40959308949913964
0.6019584408553039	0.43529634468022127
0.3590168477594637	0.05998386488591706
0.6891795864468612	0.32169290790130267
0.7507273216417368	0.40353665316079335
0.026089664078239122	0.3228641795747538
0.3632960319347759	0.361258060364123
0.33225633117509823	0.656570078764441
0.07918087933439763	0.16851815972198533
0.27613040810589734	0.5113156919531199
0.5135873486187518	0.6228190670388388
0.5829708904378715	0.43116608176923066
0.6688698166904196	0.2513142269169054
0.3438790063566623	0.5772800346715197
0.5498790615838787	0.3305551390968672
0.4921982362909177	0.48300291011158264
0.5483937798959861	0.6522501385030053
0.8560057518206129	0.44963698502631216
0.6443857153924548	0.12405062212848346
0.4053951800642514	0.39253469973163246
0.15297317168057892	0.3232801725276167
0.8888906320724034	0.3982896687976109
0.8756936641464287	0.11786077325584343
0.41614930162837344	0.44855764372640333
0.710205922084821	0.5783742589629661
0.2648518733445971	0.5597408613619723
0.30263046926227094	0.27152900735040414
0.5002896460570948	0.2833024595663656
0.480402927417416	0.23417506253934495
0.2054133782132893	0.32714395110344646
0.19036635870983498	0.5059195740746348
0.3474903484153671	0.4897937903337313
0.9428314419539267	0.2677763368792418
0.29597972695116836	0.3753809759777152
0.7869975945207849	0.22083986767263641
0.375376678107825	0.6722832061103551
0.5552032229002416	0.13462681308603816
0.76883985456067	0.18481749926241936
0.7183756871306741	0.4021314568207006
0.3690351828134086	0.6749882004133886
0.15319076784267996	0.48026829831081747
0.47603187641755934	0.5218478864375491
0.5613411924299931	0.48546393418040934
0.6483260656267608	0.6101188948135575
0.3541105044930856	0.41472806118795735
0.13167122605845033	0.18132957904021074
0.2083077594389702	0.541176970019263
0.40727994156857805	0.3643440509680875
0.6675798221985357	0.6434401845878387
0.2922843464005025	0.1508897725553518
0.20912566753912662	0.7214061033323439
0.24373600693646597	0.5597750928140965
0.415359715222538	0.37871492549483304
0.5077751425163753	0.41912814312733226
0.3200628184614734	0.37860342314418316
0.9851272467485854	0.26629745439812497
0.7518569531417248	0.182134586212966
0.8072091475032916	0.6108496318945098
0.576165723000148	0.22999015187790062
0.48372142731888773	0.45062487628425174
0.14620802884808787	0.526277893417234
0.5246840782818191	0.20186456202010872
0.5664371691285286	0.589637644893573
0.13130408575287666	0.32753186305398024
0.6959875353533954	0.010667275243973616
0.09123299811070859	0.16375217213522797
0.6226606995196176	0.46811035113185484
0.4609084609076167	0.05976200399972479
0.6112973231109184	0.3054471460807649
0.6967259171681561	0.3297295680356839
0.53444262189423	0.2283626345119155
0.5668485929271597	0.17308867710961048
0.8210868114844226	0.23149992413746132
0.68172341670157	0.011454265855936622
0.4600281043109039	0.32876392371334
0.7297932021626832	0.45812666335091584
0.3555039516057569	0.24470215987561555
0.7906314271268724	0.3473668093410581
0.335626836819352	0.40341986559607573
0.9106369578348764	0.3271986798850989
0.2500059204173742	0.13808493787915588
0.30732606922225575	0.3310595295632378
0.2836080401951864	0.20189829565777032
0.43589817669028913	0.4599455763893577
0.3758302431783926	0.3806460291610797
1.0	0.26250531103755326
0.46537555872527087	0.0327973878609518
0.9199151513822582	0.28991728982655096
0.549114358941191	0.32988521019328276
0.8282810790273419	0.43491820995037195
0.6391389120073457	0.43304029913248676
0.6335494644487097	0.4496613520740118
0.2791271315822979	0.30280830098420014
0.8293357290951142	0.13454112324226167
0.7992761340782449	0.385513280559611
0.8392714026380982	0.24353231926648933
0.6601694840556283	0.34651937626362733
0.10384561427079537	0.1917946271096781
0.5637201386220902	0.43592513829599616
0.39316406693291545	0.4759745877275592
0.2369299407760697	0.2625020868238475
0.11349043232671552	0.278401004818485
0.15867223801772382	0.2954016843797982
0.4509975261164061	0.15831425478352182
0.39165078769504524	0.5410584457406823
0.9107008015543999	0.2967372722313821
0.5370619638695799	0.3900914419334157
0.3811808853312496	0.4204680291243357
0.7759920460869267	0.435848579156876
0.40468737118766407	0.19996084437060346
0.44309243849853686	0.35323341313642803
0.5956204334816312	0.2071195865872733
0.10380842710840366	0.18139257505519715
0.6290647825254659	0.315371970249245
0.6908610947434883	0.5302639826451233
0.4643000098956846	0.24934761983934262
0.5840741888604402	0.0604348246104048
0.4588681787283493	0.34348649297489076
0.2987713784603661	0.1167679844181363
0.11717876405255999	0.2462324807360914
0.41404357794056235	0.3514643527334295
0.6857064770281821	0.019632626431882516
0.143370682148484	0.293097355248962
0.31733777823330317	0.21772501646731496
0.4560497168353126	0.992977273592286
0.414242826910422	0.4349033576151921
0.7107957716893342	0.49575112247589936
0.3710175774900939	0.30725632565406635
0.7178905059138565	0.3058715816286324
0.7254113666146962	0.17037868759921845
0.7975259101681803	0.3371261106183982
0.7615849947521826	0.48659271464767223
0.3040797659292599	0.470710531624635
0.7667904372971088	0.07546986368360907
0.4662810219882774	1.0
0.13895232683972628	0.3323442008655737
0.07752381981811632	0.14611112245948396
0.7890618455947457	0.261885511240101
0.7151954937792013	0.53649964087314
0.5332088571747585	0.07991895781478507
0.3081177247511505	0.20859857626512993
0.6373914864645782	0.2538825082264395
0.47654203533786627	0.41099246218285806
0.7344785135330141	0.03956854198644856
0.5840751425569201	0.32269023898233956
0.10981594851492706	0.3028060369851769
0.2720785890138937	0.4273030509714069
0.41331476407290957	0.33025202817019483
0.3145815107613582	0.28990410600831984
0.8085534090343618	0.37258126265504743
0.11900680276961224	0.34065113674740444
0.4009341428736483	0.06245264835615227
0.7007644683015395	0.23404637763937455
0.7860563642548781	0.34777546202594745
0.5492363465273035	0.28131463218095776
0.25749947570803383	0.5874041623747681
0.5311391053514789	0.17449669166907125
0.6903222429983323	0.018144258471752897
0.32219885539447307	0.07363969625416451
0.8947013149800632	0.13097463132292297
0.3124035162457701	0.08259063983466376
0.7957295133203351	0.467933017135937
0.5525246956775166	0.3312706632481326
0.4548735500757863	0.889588434381169
0.450842633100829	0.99044041754852
0.7831908818682821	0.4590179240974663
0.33370417287363996	0.0653452432568082
0.3952314839594258	0.18584165965145474
0.4205039250843868	0.2311682978556562
0.5086147755105435	0.4514293263531975
0.477976192574158	0.11908191882651055
0.6252448377764649	0.43053371453950795
0.6365262395071173	0.25880606765741115
0.5703975698810962	0.5900729745450347
0.5097482498658725	0.20489695961332535
0.3358440053349373	0.4989650959234495
0.6024975084341995	0.1879667608007671
0.48132288337867807	0.2880073301277099
0.21266862411326354	0.5759753920600101
0.811727567686914	0.22936535548577805
0.7618983501763951	0.4876769548877058
0.8657077364901752	0.14634628402098349
0.6564651890441308	0.2596474657605153
0.24611035126161462	0.3634283237536312
0.4035321506936526	0.4308254013637867
0.5407239738275912	0.6101573284607931
0.609525907483954	0.44754997355583365
0.30828855522522347	0.6023766063087501
0.6326169849312241	0.19501357864241564
0.22754020170392075	0.2072642995441922
0.45149138483965845	0.10172647917271703
0.7921769265766143	0.20997827226331695
0.6131688293235131	0.31234866174564074
0.48307393327570175	0.5322510115186733
0.6053259359589831	0.55028052127343
0.750535599182187	0.3205772846620799
0.3868584880329477	0.06699785890132995
0.5827738693577209	0.5470764910046005
0.5457241029123506	0.42130877880950623
0.32049361793550823	0.09823190887767373
0.7157356590131557	0.5218670601060614
0.2437986264067516	0.4696342323501394
0.4773618445909064	0.6404636010971198
0.11015641164685527	0.21724069227563392
0.26589675180226413	0.3917767564767522
0.21600865865282007	0.5706950369060637
0.21985244853285854	0.2626019468474244
0.2249596423242712	0.38947266384042467
0.8177323407131412	0.08816578777332498
0.5879292704246587	0.5055895605668578
0.6261133503270567	0.4073069966066491
0.5340260799185234	0.269915175109827
0.14996847960128154	0.4835525564779201
0.3955147242455298	0.18670939054825422
0.30300828452175427	0.3393856489046129
0.44165821820776846	0.09084811821898083
0.6839027727130049	0.0340331097262173
0.3671220532908262	0.05170596450044028
0.12651145288058838	0.3144521875468228
0.5729896689102318	0.5851057252532542
0.7035424603100507	0.1649936801204792
0.34461979029513645	0.3926714367739312
0.8119557112390884	0.3533452511186742
0.7854795173231344	0.10338353044218894
0.6980678418070264	0.026660376845562637
0.4526211206030199	0.4300056945670379
0.10742349690081957	0.38870720987389906
0.6556709710775203	0.24423087563310797
0.7065612553167189	0.18548191831466998
0.1701347629391315	0.2412763851096009
0.20748960552402446	0.5590435420628322
0.8899173055358796	0.36436112305365714
0.7729071940320266	0.2558427526721344
0.27994746863159187	0.4696672148333666
0.07042851050122255	0.18445710394353174
0.7077896677859049	0.22124975941450592
0.4407171338057955	0.11385238473554998
0.48534904498782205	0.6455669409328907
0.07363346134126317	0.3451847723260622
0.6108344352208875	0.02515270950919066
0.47850303323468457	0.1813644755029649
0.5589750422523062	0.0764500623583858
0.7138771398393742	0.44154077054386925
0.3178817653742568	0.5694586939258793
0.3861469145304136	0.4517541444225008
0.6435984572349575	0.147360829955996
0.4861508662212611	0.24556726498413575
0.6750776746373903	0.2023880744944063
0.33021232337056255	0.6334160224581803
0.7918668369684343	0.43938043502708374
0.14832524224535865	0.5107775118472474
0.5227854699965697	0.08003985219580054
0.7501157937419584	0.24850118537042595
0.1690945037612216	0.5028578870411359
0.597687949531514	0.3168342463630469
0.6356374563531826	0.01266383139122675
0.8473283727696395	0.3154522027741074
0.36855889324768776	0.6203018234589627
0.7225723939289068	0.0
0.2331904820850565	0.238652324874549
0.7857694517587889	0.373731996202817
0.4411118951673283	0.9758735700980575
0.4394381771511987	0.5761663051916815
0.41097497691487417	0.08935778996998833
0.19677578225147044	0.46698422442496873
0.1826584583659971	0.5380225641037928
0.8108474802502422	0.2205847037079354
0.4552428464642111	0.057873287419614186
0.7429343362879107	0.39139666045380545
0.4214225203692969	0.7293156148207187
0.1566444754206807	0.5631864154929266
0.2728048805222201	0.3540953714832955
0.5580590970581368	0.34596767250619387
0.7142170076429792	0.3432008917577751
0.611743674559714	0.46674833109885105
0.7238338393394227	0.34606303616024686
0.424428128789808	0.47174127069770266
0.7710646525363245	0.1500517387628621
0.11956689838760882	0.43531561249208117
0.0340544964591649	0.21219538346468605
0.21521889402695144	0.5304022608193006
0.44289979524088613	0.5702646109732082
0.7715078364012772	0.37191408445160423
0.652889241203791	0.13606260339804024
0.4473945731035433	0.5387525533130512
0.4613969034503652	0.46245781228886895
0.8100876197756635	0.3776107930923167
0.5639214729587041	0.6444005160429835
0.35992120303840935	0.07600343838049696
0.3376104927056047	0.5643477320079666
0.2732166177042115	0.341109597125311
0.6467778761560106	0.327655440881186
0.08573494316870661	0.18604958036328711
0.697622013138646	0.22001221352003034
0.1403793940080188	0.4651125306315203
0.5468387320258686	0.42781680848435466
0.6167872549660605	0.24135894903705896
0.9795155118165035	0.27480192028058986
0.7856315625315063	0.25918980008639336
0.3357282954920132	0.09163278233318521
0.6396279292406444	0.076874804231749
0.45178044236747267	0.9857754368979305
0.19651076128242184	0.1439682427254082
0.3395916878919688	0.3737040960237267
0.6796828884464684	0.3393812056108562
0.3596073724972255	0.6473194612830176
0.3192663951801342	0.3817143509654504
0.2306903171457209	0.2526306812099952
0.7754057023221986	0.42346779962194075
0.45253600426377344	0.8562573041296577
0.6604619711044873	0.19481631611428377
0.6368730104225214	0.3119739183652698
0.26246112567590046	0.5921215430186656
0.7906355553717185	0.2522586024262922
0.3872644210674925	0.3328123654133338
0.3629200574818907	0.053368513821528386
0.578094792542821	0.3914388474729548
0.8167343539242504	0.06444781727348033
0.7620380799611959	0.3665523271087232
0.7020283570370899	0.4680047806682012
0.5423510077869728	0.4926532837119914
0.4470731297978086	0.1616677590280179
0.41457323366373383	0.3544275587408784
0.7577840620343914	0.04878880706430044
0.16115851270378279	0.49279762700813945
0.386439846586325	0.2575813583754699
0.2383604769279834	0.449164965716457
0.7644218060521616	0.3440868123522201
0.8507266750806243	0.44515029178382504
0.49082671380727744	0.4811358065894859
0.4448048434453883	0.2623498072519751
0.6936578969051787	0.12220209007686623
0.6237216045746358	0.3620143277494669
0.30460891002345547	0.0786965502657278
0.5840109977050782	0.22233951676243652
0.4580669501559285	0.5627128334875068
0.4631419124690204	0.9953689718752977
0.8144112093266296	0.6121353554737146
0.5411315524337355	0.38719847177579436
0.30293990956720296	0.1838199421698916
0.24136917911831998	0.3423977812510564
0.5502609415233135	0.4633079587383917
0.4239262429493723	0.7268179753811884
0.7782132695466533	0.16778967993972227
0.8183764168834103	0.328102299419655
0.6418954796629368	0.4541538116113658
0.6071984607446537	0.277495588303388
0.1998268683470334	0.35007033231907647
0.715461174546991	0.37435784472449996
0.8689696663684964	0.38147603964280824
0.482434565235074	0.6545260694648692
0.2931345630867411	0.1585205936988359
0.45854475320087834	0.5780835847896266
0.2896067433981824	0.07213535116037548
0.6681595754654835	0.35912850203316016
0.1086269411908165	0.40992646233273083
0.4466868091151525	0.20121896444711992
0.5461864626829133	0.21008997883921549
0.7156452775487154	0.0373917008293426
0.2501317494750514	0.26468364909137515
0.7316408894198753	0.11660746954280647
0.6188757510097447	0.46710224724869
0.3780200343094416	0.3357261292529416
0.845574170562844	0.46266244751690566
0.601600460764033	0.5283252357491052
0.47299989335442777	0.4207410381890924
0.07981137291013536	0.17367356629163785
0.2395411003290256	0.22265202837535522
0.590595055977861	0.039007976457282635
0.7099057724367785	0.24601448827006206
0.4525517482452028	0.9979323414247657
0.30449575839991494	0.17133987758430463
0.8610022714480426	0.43631060924621823
0.14414318678437943	0.3166774115042813
0.4675693208528484	0.19202369771456734
0.6711978085316733	0.5166158173487758
0.20738005544823854	0.603235745937331
0.1430081645022207	0.4955004513086409
0.6223103679241396	0.5390731330249473
0.1884016818389252	0.5610036862506744
0.7320385706658812	0.4111147973150969
0.7555198688701134	0.4637593066435684
0.5029623437437349	0.37130066464206823
0.6543323189787362	0.2656867773661957
0.4817939524042631	0.40052948974609764
0.45739020920106643	0.9878163717181339
0.3605215116072757	0.15305575008641129
0.2003952826721924	0.5626407580998308
0.8211046460548859	0.16395068255064782
0.6727558630736884	0.09290920706448337
0.5938875582127674	0.38596292247077524
0.5623069654121586	0.627667582310835
0.6647656776523247	0.11318102018487874
0.5197909593283551	0.6402246990442144
0.9734961315021279	0.2606529889421474
0.3028600740423605	0.6237322203273782
0.47364063267666656	0.382140288273645
0.36118792687420315	0.4260358897765469
0.19899821770362108	0.5094966978964866
0.18593348750785313	0.3791144351188688
0.6388795751375879	0.4212570107127392
0.5348547388314759	0.5971784383433127
0.3965919219501112	0.37765616236168004
0.522615386200965	0.5428337561762225
0.5749468901519542	0.22317877375922598
0.7707203304684139	0.48460507109440193
0.2550419424578785	0.27747370360023854
0.4649104828631038	0.10962138496858814
0.4138790215602062	0.08546063893693906
0.7264083657167152	0.5702114769594001
0.41895779327605476	0.7288669059749308
0.3995330544223991	0.5550558754270524
0.40122123463673576	0.36684550904044894
0.7842854965598023	0.25683361709070535
0.3394789477097203	0.207485218973898
0.753053613807777	0.2576604335115394
0.6982572671612046	0.2810725795935095
0.4894369531371065	0.16447428979619394
0.4047871337195278	0.3336720408423409
0.45392333578106026	0.39671085863037203
0.15096097694293883	0.26882692574685807
0.8579526416474906	0.3997047285297365
0.3354901445488965	0.046620396967411194
0.9390749494675001	0.2991512490029623
0.07074515128848351	0.3579801384261403
0.45786866763742107	0.3315370931170669
0.9841552567594288	0.24191136925077447
0.6930282858787028	0.3559767961861899
0.7068765663399805	0.035221490025850545
0.6822280711323948	0.021380203949263384
0.21636315699822883	0.2863234253891914
0.10825670661534648	0.28572379061430303
0.6081559253194384	0.5526778705285487
0.5184887865287515	0.2011190272294672
0.5748763149368307	0.2930903551921401
0.4450523799169725	0.6055810899299927
0.3657679238192938	0.24193653225029435
0.6601718415171446	0.377159275822794
0.7488804208608307	0.07810148333289603
0.22608343328039776	0.38152481954943174
0.5616867886330836	0.4563073686172338
0.18077481042987054	0.23155144631430927
0.357576270346968	0.47369258669443276
0.17898962364591317	0.4148510482972706
0.4854428209995046	0.4785911414764829
0.6584266348385699	0.2565063825393412
0.3477241410784068	0.26914685524618365
0.4895654886518361	0.24888174243935846
0.15609430723040243	0.31455064787965337
0.735191457500201	0.32424801682236026
0.28732909616296354	0.5205082454572109
0.1731411379098148	0.34861323122471904
0.7023116816545913	0.04996360503931761
0.3303045458455491	0.4598667951738301
0.8516336562527005	0.45568267307196786
0.17319480124129985	0.23147259551808236
0.5286564370922289	0.4835756250518829
0.4595776742965377	0.18604694036949654
0.8964237011669356	0.2691935654392258
0.08499929444471323	0.3517168633656785
0.6714301188592091	0.3891648937117154
0.35430575479641574	0.2658123107428311
0.7616687735351672	0.46944504043546087
0.48789164914448657	0.10859304763124118
0.6643263719245075	0.537743942472441
0.24785010657063505	0.2720991072725706
0.4021005411185184	0.5849844243711937
0.1477902646354267	0.4840673804058109
0.3489686490779755	0.5955943464694092
0.3552917450333522	0.18226501783617233
0.7209270805218766	0.30178306324528614
0.3845666760480994	0.5523648651403434
0.36417038357052184	0.2417196848090782
0.5621819932592619	0.3558096832837821
0.2526230678822618	0.30842298909386445
0.6526897640093422	0.5587561766402475
0.6593152420364244	0.49389901515368195
0.3735844657070797	0.05055123455942677
0.6174206445031929	0.5636243907369076
0.7134511519222516	0.2686822003525796
0.7364814686015951	0.0823328574818829
0.3653782852261612	0.6647539148538362
0.13571314939242762	0.5182282086509856
0.7643037469519988	0.5095852656896176
0.7887400235537363	0.2470302452386177
0.1809965312372885	0.48513970323306543
0.7171933390896702	0.5738851700909208
0.23672333790533506	0.5077382817217019
0.40405573825620306	0.711661203417453
0.3859766681255115	0.5175856906031904
0.808674948567904	0.4644866843175446
0.23110274810785145	0.2343363821858515
0.8285889679493571	0.4781075522025345
0.4982593810384493	0.5140828022925434
0.39059902656795864	0.30055942727095586
0.28533235065591905	0.326814629327059
0.07504005007532087	0.4045881602197825
0.21404077073075514	0.45309667321775327
0.5895401817090884	0.48567425678976234
0.6866252471073195	0.4046507235432966
0.2505851962450203	0.37007979334778246
0.20181881370461427	0.3380431713218912
0.4284441541372526	0.16073367745542644
0.23001205876766542	0.3623117406833003
0.1753658979230238	0.5718166773097244
0.7470038404229751	0.06517415671274891
0.4240561782900914	0.5440393344522269
0.17755612816927652	0.3192483319311738
0.812824243855598	0.3998691860304073
0.7102687386790774	0.1701358479167376
0.6224078274020435	0.18162434269971292
0.9179403459455893	0.24257134164233324
0.26696019200541465	0.43728114203152146
0.66050332742698	0.04060606392592764
0.6483352916500175	0.442394854511572
0.42587635719515904	0.04911516734540629
0.47222553014343044	0.3089792726905041
0.3420394328360147	0.39641215529736346
0.6006923618635395	0.5621581617286684
0.47950969467784504	0.4119689678444343
0.3230670441165311	0.0794483528020643
0.32307042487389165	0.580907623435604
0.5487570574539604	0.1850557133191225
0.1409660209687366	0.5121485392571529
0.4689349937968669	0.5657225381475086
0.41375491454936286	0.5672981161273117
0.43406799779242966	0.0849377038664184
0.878114772904532	0.44855479506371637
0.6701224055955356	0.28932968497970435
0.6957946237729506	0.5302945809182046
0.26579695030432315	0.30614464345453085
0.6590612338564231	0.5031003576305235
0.41484761916267565	0.09338152343645163
0.7991568280626464	0.2995209965758261
0.5556852797359982	0.2193344780886888
0.6682536999595684	0.6259822174233017
0.1154622455499706	0.45649322174271095
0.7085889364123104	0.5305929211713792
0.5629586882348158	0.530637177546829
0.4965441351729624	0.30918072968579047
0.6990444309717054	0.10086020671864056
0.66433404362496	0.3368212695281874
0.45432305634392484	0.9933059637396358
0.44370985664891816	0.37348823432409967
0.9227119052202174	0.23948778212522323
0.3851554751758037	0.26438933263996567
0.7095253672293489	0.32030232392726915
0.5890485050138824	0.40440096066283304
0.8101268325577501	0.6143893658669367
0.4535723928652738	0.5016326865939705
0.8110289439698449	0.6079609280931664
0.25909441638824593	0.27298176315525313
0.8548439823866841	0.5072814015788505
0.5324048889903402	0.620755619139112
0.21731941580251815	0.44697767592539117
0.537137930664	0.2028336946207817
0.5436232201778719	0.5329363710899085
0.3008482521409728	0.06912737030782157
0.39450032134488383	0.3522350729663329
0.23151283387391544	0.5702239728613764
0.1282900989641436	0.521863275851742
0.20321585863900415	0.5176351080594406
0.7870182685954785	0.4452527137695841
0.29426421975052525	0.40945640384713716
0.0	0.3024742130160303
0.5421435497179475	0.1286207414813693
0.6183775430747764	0.32212914922294594
0.9352692964484369	0.2987727322918464
0.04821455994931405	0.3378437943581629
0.5871990164125179	0.4942830973687173
0.49223089296844214	0.276673143860886
0.6634632656742204	0.3485080568572308
0.8327945561503667	0.23055614448790016
0.33829727394322423	0.043638100114406345
0.47173605570107274	0.033032841201548
0.42355806804481727	0.17898401845794554
0.26657608996854576	0.4731541232169141
0.8884196272035974	0.10383261259534948
0.3592622090741104	0.2927399587005587
0.33316922579812347	0.056723817792132154
0.3651641524352726	0.6735869997901857
0.3183411825830818	0.16747170572420167
0.7632055940582995	0.44286688632945825
0.42242154491703365	0.5602603459127532
0.2676388143446526	0.4051316232697974
0.5302401342674994	0.5954566152532796
0.47860380712548367	0.3433392364936735
0.4721227851273554	0.6194398307061817
0.5189859529174773	0.15349860890433115
0.31248843685415545	0.5573054679707132
0.492552885949163	0.24744343140495711
0.3320672422347501	0.043077007861732346
0.7848832070939988	0.2091019359592486
0.5864252802718014	0.16746361625602996
0.5773437229162409	0.3577265027148375
0.6001901398854274	0.3393514323011857
0.15076234196291546	0.3516511190233013
0.005721458338383764	0.31636183178540866
0.5555089263681326	0.5738003493186432
0.49030502251922736	0.12810362863872218
0.4858515663450251	0.43401462403299634
0.6948795016668478	0.0009720633356261067
0.1129091664365068	0.2006884924839247
0.47810398648887376	0.5597456445183813
0.6837750868460335	0.3552809739945915
0.5447001201083329	0.4911948730649134
0.8338494671332423	0.20116469854636637
0.8594846993941874	0.13892435106788728
0.3172888739088423	0.3377211514731096
0.36108948240419275	0.6682059872422375
0.6647090327822408	0.09724699973700741
0.6005795509110563	0.1235091227940644
0.8863587258402618	0.117099846361926
0.5489101086775632	0.400444850545365
0.5468232709622936	0.6053987157724376
0.7690534522981928	0.4904023208677042
0.07800188663918556	0.209277210036375
0.4708020200746166	0.44443014473191744
0.6244181818757337	0.20384685994097104
0.5837316956552301	0.5339350397126768
0.2447667795102709	0.35305431243121166
0.9255525589863443	0.09745294748966704
0.9284285523402095	0.27671490143881566
0.66673238791401	0.32806194786003356
0.15611413037148006	0.3576771401019481
0.6766900628568007	0.30099647147553305
0.41115130318929044	0.13802812002051656
0.1981269159676536	0.4613761885811958
0.4926420869183252	0.4343058985072783
0.445997589515678	0.9819350546463663
0.3479359089102826	0.049168635068922995
0.10247731200779155	0.35928384474062675
0.558215476905065	0.41151384881972064
0.29673253724496057	0.20026444559527234
0.617047366151617	0.5396044522676059
0.5131253200654352	0.3026452529154822
0.644099467479963	0.04912527817354714
0.3913785306279782	0.5953882674449107
0.26681026283436915	0.5549985725365612
0.8258991375649318	0.1701507089980708
0.08844355029286599	0.1895480718929757
0.21366784100133676	0.5175239534652403
0.4697624345702931	0.9189706001079384
0.664978788296238	0.4804962766036906
0.7877381638434806	0.284739739837013
0.4081793213435045	0.18285155988655732
0.5090113949458995	0.1661089589804655
0.6255855311651808	0.26412404190122085
0.44099714919259886	0.3623990970667922
0.7493423459241035	0.5076065894023738
0.8385458573901498	0.29249104421853395
0.10247482313463581	0.4266312321257776
0.35815710927456124	0.5063686961671927
0.542814014039772	0.4173121810549186
0.6935786687740114	0.2833444450532987
0.44693669247789025	0.5540231708607084
0.5634034713337437	0.18773143764159964
0.6841988390715115	0.22961823396373582
0.5414687757254558	0.5669171935052258
0.46471053307220345	0.1523252001977554
0.8623140241386699	0.3711965776304142
0.5003423265688224	0.6120849629329739
0.3804350251147405	0.03685743056625002
0.763085192921747	0.5116368583590044
0.34584798884369294	0.17409003710987175
0.3647592341120496	0.4938764541273459
0.41222827742371354	0.44032166101427456
0.41858663250900524	0.49508174654799575
0.4539647836226675	0.9858867744926749
0.3375475689701405	0.638337894287714
0.4694246810557227	0.5962844944655967
0.6727806488425898	0.5911651652025973
0.09459760778922488	0.19536094250512975
0.8769441734795506	0.2173417444495742
0.8221609046840497	0.37816111446675205
0.6922045759476003	0.3928441535984216
0.8204957468305639	0.06088855203387126
0.6474996037136443	0.1698768617834454
0.5725624004383143	0.3901302359708749
0.9676570378526975	0.27351033492411686
0.5084693816182171	0.47888518873361713
0.6496296831178141	0.5080114364154134
0.10502750688469999	0.46761689206149026
0.4018464811609869	0.632816265814575
0.6669263909438929	0.49112645710193464
0.21042053019386875	0.7215321638567836
0.5879056099153743	0.1873937019333163
0.5537341041713404	0.46342401701813146
0.587883598099341	0.15088554646905186
0.29416646543336983	0.17280972827117946
0.4319733043621058	0.23985858064884638
0.809363618389297	0.4142518596993626
0.9056319593447467	0.10517846258761006
